1111111111111111111111111111111
1111111111111111111111111111111
1111111111111111111111111111111
1111111111111111111111111111111
1111000000001111111000000001111
1111000000001111111000000001111
1111000000000000000000000001111
1111000000000000000000000001111
1111000000000000000000000001111
1111000000001111111000000001111
1111000000001111111000000001111
1111000000001111111000000001111
1111000000001111111000000001111
1111000000001111111000000001111
1111000000001111111000000001111
1111000000000000000000000001111
1111000000000000000000000001111
1111000000000000000000000001111
1111000000001111111000000001111
1111000000001111111000000001111
1111111111111111111111111111111
1111111111111111111111111111111
1111111111111111111111111111111
1111111111111111111111111111111
1111111111111111111111111111111
